Accurasy: 98.66666666666667% 

W1 = [[0.94002151, 0.20338711, 0.18534377, 0.26987212, -0.49370964, -0.34446899, 0.41175372, -0.41391779, -0.13810772, -0.22098339],
[1.14184244, 0.44121731, -0.47227993, -0.4349748, 0.48636197, 0.10897039, -0.69347857, 0.10693322, 0.10088354, -0.40582041],
[-1.28243013, -0.1907467, -0.15409678, -0.17335221, -0.01593208, -0.13407687, 0.66077634, 1.19665583, -0.01055413, 0.53956563],
[-1.24142379, -0.57400094, 0.15736768, -0.42227667, -0.02932216, 0.23529288, 0.38825791, 0.19542512, 0.06345267, 0.15676298]]

W2 = [[1.38628338, 0.55211899, -1.73756085],
[0.39747008, 0.03837362, -0.34367271],
[-0.21250572, 0.20036401, 0.24443682],
[-0.02961746, 0.31613158, 0.26271654],
[-0.23463416, -0.30240964, 0.24867806],
[0.10423833, 0.09108105, 0.30652008],
[-0.82856979, 0.35750834, 0.50055331],
[-0.77210153, -0.04102955, 0.78424996],
[-0.24477483, 0.09347431, 0.04888218],
[-0.14686494, -0.34484516, 0.54783894]]

b1 = [[0.64152616, -0.03976236, 0.29008675, -0.19879561, 0.12309622, -0.02017436, 0.32241964, 0.0808487, -0.10092821, 0.10210001]]

b2 = [[0.20666228, 0.44995877, -0.33577011]]